-0.031940
-0.037264
0.045105
-0.016332
-0.109635
-0.077604
-0.022057
-0.056484
-0.085564
0.013541
-0.021572
-0.008011
-0.126572
0.009689
0.000758
-0.022116
-0.165910
-0.026441
0.071889
-0.158919
-0.101460
-0.023329
0.048656
-0.090636
0.132188
-0.054827
-0.058064
-0.210141
0.110972
0.037853
-0.105477
0.059917
0.054844
-0.015351
-0.155890
0.111685
-0.130078
-0.039698
-0.095340
-0.030550
-0.075919
-0.078371
-0.053959
-0.126839
-0.024682
-0.027984
-0.019620
-0.121881
-0.114932
0.064524
0.146763
0.012137
-0.128694
-0.107548
0.082171
-0.256767
-0.158554
0.069918
0.083415
-0.149657
0.030078
-0.097353
-0.051960
-0.098711
0.120215
0.121930
-0.083974
0.094636
0.116673
-0.078299
-0.091218
0.135106
0.033415
0.000529
0.042403
0.031470
0.038246
0.006657
0.061205
-0.021502
-0.034429
-0.067192
0.015959
0.036533
-0.006128
0.143338
0.002336
-0.002097
0.024849
0.016526
0.001914
-0.022855
-0.058400
0.054027
-0.016094
-0.022764