3.493428
-2.236149
3.373855
-5.424227
-0.542618
-1.829260
-2.474941
8.610979
-0.087262
-0.003836
-4.601261
3.928421
0.148740
3.140679
-2.276219
0.630891
0.707067
-5.866699
0.588596
0.231754
-0.466920
0.215940
-0.171952
-0.261018
-0.094647
-0.101057
-1.842378
6.315516
-0.499941
-1.070362
-1.938168
-0.014140
-4.256935
-1.998863
1.718688
-3.245269
0.535185
-1.052176
-0.957911
-2.439810
0.209712
-3.503088
-3.399658
0.835180
-0.394491
-1.774296
2.473243
-3.231077
1.507158
1.509629
-0.923570
0.017434
1.547032
1.393254
-1.720238
4.528131
1.853760
0.391037
0.437048
-1.423390
1.147346
-0.671236
-4.144225
0.087471
-1.268680
0.521466
-0.990380
2.952176
6.900619
-4.661363
-6.146444
-6.146522
2.401613
1.252434
2.061835
-1.149050
1.146819
-4.002886
2.449871
-1.023983
3.342731
-0.555517
0.554656
-5.887094
-0.449045
2.448220
-0.965146
-0.704089
-0.447766
-1.723731
-5.100337
1.956827
-0.429287
2.681112
2.226414
1.779472
-6.805022
-1.272209
1.329854
4.973963
1.251399
-3.020350
1.556512
-3.642463
1.355424
-0.469521
5.643904
-0.954089
1.077152
-3.895082
-1.850170
1.788753
-4.500796
-0.014763
-0.551188
3.754646
4.953469
-0.201966
-2.412275
0.942666
0.877601
-1.897471
3.009295
-0.639874
2.425292
-5.127081
-3.958129
-3.513412
2.474386
0.265659
-0.623287
-2.390947
-2.607806
0.117223
2.081413
4.551851
-0.272819
0.053813
-0.657121
-1.156042
-0.535326
0.959555
0.373288
-3.224517
4.074955
0.596152
-2.985391
-1.102138
2.391739
-2.525296
0.812681
1.860658
0.429405
-2.980169
-0.845805
1.372185
0.672345
-2.539403
5.023466
-10.184258
-0.661045
-0.078238
1.408463
4.596348
-7.141894
-3.290816
5.494421
-1.440250
2.991305
6.262206
-0.056471
1.081460
-1.254375
-2.020834
-0.433505
-0.558920
2.179470
-2.428586
1.589203
-1.769262
-1.443643
0.130950
0.426424
0.840525
0.252311
0.579916
-2.629852
2.457250
-0.680062
0.392963
-1.329607
0.431894
-0.899472
8.287090
-0.049289
-0.990837
0.793580
1.294705
-0.468222
-1.080949
-0.637390
0.197034
0.453349
-8.277684
1.253508
-0.009618
0.354651
-0.257220
-1.040895
0.719237
-3.786506
1.574064
7.661753
-2.649194
-2.734283
9.668530
-0.803841
-5.610966
3.652800
-1.441057
3.669439
-1.033278
-1.915379
-4.749088
-3.729655
-0.117193
-3.173185
0.380929
-1.898771
-1.922736
-4.864601
-5.117769
1.053277
1.089642
0.378921
-0.220326
0.876916
1.985465
4.388114
11.403501
-8.182947
-2.192798
-3.068475
-0.752104
-2.325512
-1.508158
-1.703276
-1.793563
-0.102841
-1.608875
2.130382
3.503304
0.569892
-0.804841
4.735139
1.566258