-0.283788
-0.068042
0.007859
-0.335191
0.055351
-0.010927
0.096494
-0.140549
-0.209115
-1.728745
-0.350973
-0.257535
-0.097307
-0.080851
-0.041555
-0.332341
-0.252154
-0.378920
-0.743433
-1.356592
0.169902
-0.103446
0.310419
-0.167200
0.237117
0.151522
0.153128
0.215842
0.048053
0.135103
-0.239726
0.107198
0.210053
0.259146
-0.181229
0.480630
-0.009314
0.033349
0.018931
0.098059
-0.110963
-0.624170
0.142074
-0.314758
-0.118104
-0.097858
0.013304
-0.160531
-0.491756
0.352075
0.014008
-0.092245
-0.325113
0.185942
0.293338
-0.381585
-0.618416
-0.324994
-0.159452
-0.828371
0.151249
-0.017814
0.546736
0.082797