0.156510
-0.298175
-0.160044
0.296931
-0.134302
-0.280518
0.011587
-0.004772
0.042864
-0.081618
-0.059188
-0.292759
1.532815
0.375734
-0.056848
-0.355110
-0.267794
0.697039
-0.990668
-0.089466
-0.086278
0.093027
0.273494
0.349290
0.049470
-0.121771
-0.053925
-0.073710
-0.443708
-0.355372
-0.058054
0.046100
0.133276
-0.968758
1.112693
0.071971
0.467954
0.344083
-0.446130
0.024030
-0.726626
0.163290
-0.506430
-0.846838
-0.208274
-0.493558
-0.013748
0.697804
-0.566390
-1.038493
0.781494
-0.051331
-0.457294
-0.823478
-0.416981
0.610321
0.010573
-0.032790
0.009249
0.008134
0.024823
-0.002401
-0.003495
-0.001404