0.032563
0.090833
0.700281
-1.541442
-0.414428
0.402683
-0.803243
0.176731
0.715786
0.417511
0.307768
-0.589571
0.426225
0.709622
-0.118392
-0.752312
0.748767
1.017782
0.060622
0.277618
-0.563323
0.164532
0.549683
-0.799740
-0.493791
0.568513
2.025774
0.651420
0.877348
-1.672896
0.125130
-0.052346
0.390390
0.997314
1.241507
-0.638024
0.178476
-0.322749
-0.202619
-0.789469
-0.477793
-0.700600
0.775259
-0.177301
-0.103172
1.155347
1.120232
0.196695
0.176602
-0.505908
-0.392899
-0.745538
1.533870
0.796534
0.739339
-1.025651
1.054701
0.271981
-1.019954
0.593271
0.399905
-2.109485
0.214093
0.447420
-0.101882
0.310479
-0.274035
-0.758733
-0.398850
-0.124345
0.114423
-0.085352
-0.128453
-0.448244
0.965324
-0.206317
-0.615914
1.249281
0.778159
-0.525459
-0.847392
0.980263
0.714857
-1.109346
-1.832972
-0.355334
-1.335998
0.670801
0.332315
0.710276
1.078472
-0.719842
-1.876712
1.341588
-0.258990
-0.324950
0.423955
-0.260990
-0.394540
-0.948624
-0.030362
0.306826
-0.716744
0.696427
-0.628042
-0.929884
1.337629
0.962528
-0.301946
0.448592
1.427816
0.103000
0.657390
-0.779397
-0.395561
1.161653
1.759789
-0.693314
0.884758
-0.684074
-1.216883
0.881004
1.226828
-0.075187
0.738649
-1.225085
-0.557450
-0.559292
-0.617462
-0.079275
0.641330
-0.681298
-0.199100
0.215399
-1.101704
0.525795
-0.288098
-1.050986
0.372354
-0.686873
0.088523
1.092823
0.002412
1.007650
0.431385
-0.569901
-0.896812
-0.729471
0.445398
0.068144
0.225318
1.192510
0.546656
-1.187448
1.437055
-1.325157
-0.899638
0.504793
-0.082049
-0.482175
-0.004430
-0.484906
-0.298907
0.103140
0.620831
-0.310624
-0.002610
0.207788
0.262089
-0.343518
0.141543
-0.489351
0.131882
0.294877
-0.248024
0.488291
-0.195202
0.598278
-0.438164
-0.456037
-1.022642
0.455342
-0.698640
-0.484748
-0.351987
-0.007439
-0.570226
0.311582
-1.161555
1.699208
0.490534
0.263329
-0.249273
0.303198
-0.566869
0.165871
-0.273161
0.524223
-0.596236
0.224544
-0.190473
0.323211
-0.107089
1.207581
-0.464760
-1.442538
-0.515256
0.244659
2.719198
0.436951
1.779288
-5.417169
-1.150150
1.334763
0.099913
1.390010
0.740960
-1.509380
3.807242
0.251059
-3.031013
-0.147867
1.961426
-0.435521
0.056580
-0.399884
0.199538
-0.242799
0.568221
-0.339675
0.150893
0.520140
-0.334498
-0.445262
0.202259
-0.749249
-0.204903
-0.604752
-0.196975
0.257638
0.406925
0.269615
-0.361627
0.086787
-0.036136
0.087532
0.620477
-0.723412
-0.514417
1.837698
0.700772
-0.358887
-0.734086
-2.567680
0.001593
-1.340250