0.094486
0.064318
0.035413
-0.116150
-0.142745
-0.170581
0.090598
0.076801
0.408646
-0.026662
-0.093351
0.259731
-0.117498
0.222095
0.123595
0.292160
0.006326
0.590519
-0.227286
-0.111180
-0.096547
-0.030022
-0.024043
0.234124
-0.181713
-0.015431
-0.025628
-0.037938
0.016512
0.008255
-0.033622
0.014812
0.030916
-0.093690
-0.109631
-0.053406
0.003082
0.001410
0.141274
0.055912
0.484416
-0.185278
-0.099112
0.116681
-0.067298
-0.031347
0.239035
0.128221
-0.067325
-0.009070
-0.011259
-0.077927
0.018125
0.018898
0.053334
-0.016904
0.238462
-0.183938
0.137366
0.120666
0.080178
0.250869
-0.072591
0.053199
0.047422
-0.055982
0.114543
-0.112513
0.046614
-0.274435
0.173292
-0.002948
0.054506
0.019646
-0.116453
0.001844
-0.074648
-0.286909
-0.027874
-0.006215
0.136421
0.064825
0.118140
-0.201227
-0.134933
-0.083219
-0.060229
-0.003478
0.236953
-0.087468
-0.114967
-0.103522
0.093708
0.058922
0.358666
-0.003195
0.173540
0.083867
0.315519
-0.061668
-0.025919
0.026261
0.005307
0.013793
0.085269
0.168113
-0.323315
-0.111974
-0.384880
-0.022774
0.047616
-0.085534
-0.336954
-0.126667
-0.377421
0.001946
0.037776
0.157224
0.031958
-0.092397
0.032035
-0.357567
0.002409
0.259793
0.137120
0.095705
0.426754
0.272963
-0.121296
0.153709
0.078581
-0.036595
0.055781
-0.046479
0.100844
0.013439
-0.019882
0.044295
0.080372
0.013962
0.053196
0.164479
-0.104113
0.054219
0.235697
-0.049258
-0.139739
-0.011804
0.000360
0.190221
0.056401
-0.013359
-0.149974
-0.068135
0.066846
-0.157505
0.110397
-0.115015
0.156882
-0.088972
-0.248435
0.215654
-0.128895
-0.136782
-0.185446
-0.148276
-0.122654
0.072951
0.001523
-0.094700
-0.362701
0.072159
-0.048928
-0.254573
0.086074
0.004091
0.016167
0.306451
-0.103386
-0.101693
-0.028986
-0.030763
0.041494
0.168034
0.252606
0.047055
0.052872
0.034022
0.092592
-0.024081
-0.008797
0.044109
0.151355
0.197728
0.045797
-0.057674
0.158746
0.182802
0.096054
-0.066993
0.009339
0.102757
-0.258374
-0.033390
-0.211788
0.131464
0.076252
0.142012
0.027216
-0.087803
-0.019705
-0.313883
0.023683
0.068955
0.138603
-0.118981
-0.331332
0.055448
-0.253767
0.094629
0.011799
-0.232801
0.091167
0.160233
0.027574
-0.299026
-0.173941
0.124786
0.083967
-0.215664
0.370746
-0.184547
-0.147896
0.002263
-0.084454
0.050909
0.143495
0.045997
0.167294
0.053406
0.126956
-0.109620
0.085342
-0.000826
0.007623
-0.000584
-0.522085
-0.011867
0.019551
0.074349
-0.255160
-0.028743
-0.075673
0.006696
0.096976
0.045861