0.765187
0.153637
-0.720921
-0.136960
-0.185273
-0.313332
0.823710
0.149516
0.122963
0.109736
0.159776
-0.195534
-0.171588
0.134208
-1.245051
0.153384
0.740650
0.694539
0.136263
0.200237
0.195067
0.598212
-0.743755
0.166675
-0.562159
0.527576
0.832045
-0.111045
0.357341
-0.295565
0.020333
0.355312
0.858638
-0.065044
0.013327
0.498205
0.421690
0.090993
0.811967
-0.155441
0.706762
0.389816
-0.168139
0.655208
-0.123753
-0.213880
0.202407
-0.103377
-0.974792
0.288407
-0.561282
-0.513545
0.000323
0.463072
-0.383389
0.221860
-0.515424
0.643161
-0.517590
0.090169
-0.027523
-0.351770
0.465451
-1.185716
-0.121674
0.099159
0.175357
-0.559883
-0.213107
0.297662
1.086656
-0.084111
-0.457562
0.857531
0.800436
0.162921
0.112984
0.644880
0.341122
1.516197
0.793253
1.204138
-0.127559
0.452541
-0.026174
0.094614
0.808373
-0.193717
0.370525
-0.008404
-0.031189
-0.335198
0.161196
-0.353599
0.154940
-0.134452
-0.304209
0.425935
1.230024
0.263199
0.061827
0.658826
-0.153117
0.353763
-0.392930
-0.011250
-0.066290
0.325971
-1.135821
0.469171
-0.058428
0.031738
0.176336
-0.066516
-0.543422
1.300996
-0.514838
-0.011640
0.211282
0.128842
0.836827
0.528590
-0.159564
-0.273701
0.476972
1.293938
-0.351695
-0.619524
-0.270447
0.000277
0.302015
0.053414
0.076463
-0.013009
-0.276415
0.001532
-0.019918
-0.220764
0.360150
0.300355
-0.328613
-0.094172
0.851457
-0.135516
0.115130
-0.478672
-0.082595
-0.678746
-0.075352
0.473989
-0.985471
-0.046470
0.285257
-1.086962
0.089583
-0.027325
-0.798197
0.654258
-0.248735
0.696232
-0.159037
-0.215835
1.308922
0.027506
0.398806
-1.141278
1.326222
-0.258275
0.705263
0.138954
0.216339
1.760317
-0.335354
0.422038
-0.164410
-0.039184
0.551410
0.665035
0.168972
-0.099915
-0.008661
0.631451
-0.877787
0.073272
-0.224669
0.304510
0.900742
0.064647
-0.094474
-0.063109
0.001298
0.256711
-0.267099
4.179042
-0.578322
0.068652
-0.189369
0.227085
0.104757
-1.036707
-0.356451
-0.268745
-0.021052
-0.220260
0.701203
0.223847
-0.056792
-0.163929
-0.871337
-0.225691
0.241255
0.251403
-0.056193
0.754425
-0.263827
-0.050090
-0.184407
-0.627573
0.009055
0.626711
-0.445734
0.314224
1.220453
-0.702603
-0.472115
0.071742
-0.648582
0.072965
-0.148518
-0.523833
1.239303
-0.201358
-0.045476
0.092754
0.147611
-0.184060
1.312395
-0.161870
0.598983
-0.925846
-0.256556
0.023745
-0.310516
0.687072
0.200271
0.769095
-0.560501
0.202801
-0.259165
0.082572
0.285558
-0.350339
0.448867
-0.334219
0.160202
-1.055598