0.068529
0.074557
0.203761
0.263952
0.228307
0.217460
0.382797
0.040077
-0.074345
-0.123856
0.106131
-0.006933
-0.076256
0.359179
-0.048513
0.111521
-0.022962
-0.095107
0.002723
-0.016898
0.643328
0.191617
0.095921
-0.042582
0.361855
-0.181149
0.423659
-0.111840
-0.184038
0.109889
0.166621
0.181441
0.022975
-0.059255
0.061642
0.449808
0.294194
-0.103494
-0.047285
-0.222109
0.106752
-0.060450
0.263701
0.027886
-0.036338
0.357329
-0.018899
-0.002870
-0.411938
-0.304174
-0.042757
-0.054594
0.552898
0.096399
-0.173407
0.229380
0.246526
0.506593
0.288049
0.004921
0.192198
-0.061954
0.128910
0.070826
