-0.054553
-0.056892
-0.034313
-0.001335
0.037262
0.068854
-0.039521
0.009223
0.103617
0.015102
0.037385
-0.046446
-0.019677
0.099454
0.049135
-0.015892
0.032983
-0.016029
-0.041602
-0.036244
0.010349
0.005498
-0.016266
-0.010856
-0.041603
-0.091599
-0.043234
-0.056318
-0.101290
-0.090031
-0.068604
-0.071941
-0.111304
-0.047559
-0.019177
-0.106996
-0.024145
0.114727
0.101086
0.070312
-0.079101
-0.044584
0.060462
-0.078961
-0.093199
0.073176
0.156119
-0.139618
-0.037348
0.106086
-0.011886
0.151577
-0.073283
0.005552
0.049640
-0.020891
-0.077507
-0.060865
-0.047215
-0.050400
0.085249
0.005919
0.031919
-0.041709
0.085747
0.068087
0.037744
0.065257
0.012242
-0.006146
0.027331
0.092024
-0.053839
-0.021661
-0.018889
-0.003589
-0.034472
-0.057433
0.008285
-0.034079
-0.038730
-0.014983
-0.055285
0.037358
-0.016039
-0.042443
0.071999
0.058530
-0.020408
-0.031357
0.098479
-0.014829
0.048339
-0.031727
0.071377
-0.011940