-0.007894
0.003809
0.004079
-0.019725
-0.000484
0.001876
-0.025729
0.000121
0.000932
-0.027709
-0.003101
0.003944
0.017618
-0.002309
-0.001109
0.012463
0.000074
-0.003994
-0.011962
0.000068
0.002610
-0.017915
0.003843
-0.003127
-0.031087
0.003399
-0.002410
0.025585
-0.001576
-0.000296
-0.028388
0.000672
0.000571
0.007791
0.000027
0.001018
-0.002666
-0.022011
-0.005151
0.009438
0.012580
0.010451
0.003201
-0.013821
0.005579
-0.010173
0.008952
-0.003867
0.006722
-0.021633
0.000137
-0.002019
-0.022044
-0.005179
0.011659
-0.006693
0.005485
0.001696
0.013031
-0.004868
0.018297
0.009578
-0.005804
-0.009158
-0.009926
0.002891
0.025597
0.005067
0.000000
0.004130
-0.008339
0.004636
0.016000
0.000911
0.003378
-0.004399
0.000255
-0.000401
0.009143
-0.001397
-0.000228
0.013650
0.002443
0.000856
0.016378
0.000597
-0.004102
-0.026405
-0.002924
-0.003782
0.000426
0.002189
0.003381
0.023152
0.002918
0.003157
0.016041
0.002143
-0.000637
0.017065
0.004322
0.001956
0.001167
-0.002587
0.000836
0.010024
0.000324
-0.001024
0.020329
0.008975
-0.002818
-0.024437
-0.010205
0.001170
0.007326
-0.001521
0.000265
0.002877
0.007765
0.005301
0.014225
-0.000735
-0.004877
0.030844
0.007906
-0.005372
-0.035316
-0.006626
0.002840
-0.001811
-0.000900
-0.001059
0.015811
0.000993
0.003522
0.002924
0.001169
-0.001198
0.004481
-0.000165
-0.002222
0.030592
-0.002017
-0.001150
0.007130
0.002460
0.001473
0.025189
0.001569
-0.001304
-0.031962
-0.001497
0.000108
-0.024076
0.001250
0.002001
-0.001822
0.001693
-0.001143
0.005133
-0.000078
-0.002526
-0.022036
0.001932
0.008403
0.029800
-0.005407
-0.006033
0.000832
-0.002807
-0.003445
-0.010004
0.002862
0.003787
-0.015450
-0.000689
-0.000936
-0.022158
0.003520
-0.000335
-0.004035
0.016322
-0.000387
0.010474
-0.008826
0.006570
0.009116
0.007127
0.007031
-0.015940
-0.004378
-0.004019
0.009864
0.017516
0.000846
-0.003752
0.011376
-0.007916
0.008466
-0.000550
-0.000088
-0.012785
-0.000119
0.000133
0.011309
-0.002232
-0.000424
-0.009800
-0.000580
0.002337
-0.026604
-0.003101
0.001368
-0.018843
-0.002909
-0.000842