-0.075954
0.079336
-0.005590
0.006746
-0.183923
0.100405
0.183368
-0.019562
0.055024
0.004051
0.074272
-0.026516
0.020545
-0.114838
-0.028399
-0.025099
-0.100607
-0.154720
0.069151
-0.112618
0.072114
-0.115112
-0.078854
-0.020295
0.062430
-0.292820
0.015472
0.301564
-0.142927
-0.175772
-0.260291
0.152775
-0.058721
-0.312176
0.002198
-0.002575
-0.222711
0.141554
0.004207
0.205561
0.159565
-0.085228
-0.050217
-0.010195
0.150865
0.111616
0.048862
0.002898
-0.023510
-0.050325
-0.025626
0.052794
-0.014058
-0.011378
0.153437
0.202998
0.132764
0.103496
-0.122696
-0.047554
0.144190
0.161016
0.076769
-0.064398
-0.099954
0.128232
-0.065019
-0.123186
0.051121
0.132786
0.193720
0.058230
-0.129632
-0.089377
-0.014473
0.114175
0.332481
-0.007186
0.000529
-0.057943
0.000271
-0.113867
-0.005166
-0.056384
0.251300
-0.000407
0.067909
-0.215472
-0.222228
-0.039678
-0.102541
0.016821
0.026977
-0.115072
0.010287
-0.034582
-0.140239
-0.053629
-0.159663
-0.247295
0.080062
0.100709
0.178312
0.019333
0.201310
0.147113
-0.211107
-0.073553
0.112497
-0.061904
-0.100209
-0.079269
0.088446
0.015914
0.017334
0.126938
0.163400
0.040711
0.250120
-0.057506
0.132967
0.093819
-0.101788
0.041303
0.111218
0.042371
0.103602
-0.318271
0.254604
-0.025526
-0.026787
0.007447
0.128399
0.196998
-0.000592
0.064092
-0.160595
-0.038444
-0.053823
-0.061700
0.083262
-0.154211
-0.003948
0.033529
0.051827
0.077190
-0.076295
-0.034166
0.107256
-0.029247
0.114833
0.025239
0.100385
-0.057466
0.155630
-0.060743
0.002953
0.029505
-0.238484
-0.109292
-0.148225
0.044044
-0.083255
-0.157606
-0.045511
-0.337048
0.150277
-0.070106
0.173329
0.297094
-0.039964
-0.080136
0.269977
-0.074725
0.114958
-0.017203
0.256421
0.139030
-0.052960
-0.025456
-0.156107
0.009464
0.243550
0.044367
-0.300034
-0.251487
0.068033
0.019040
-0.111299
0.198439
-0.073171
-0.048046
-0.158475
0.049381
0.040561
0.061906
-0.128142
-0.116510
-0.042910
0.017267
0.348866
-0.049663
0.209031
0.150050
0.073326
0.054275
-0.083402
-0.107847
0.165590
-0.072789
-0.025117
-0.156423
-0.107599
0.000091
-0.216330
-0.032965
-0.232062
0.078218
0.180897
0.051540
-0.062097
-0.027807
0.028493
0.113446
0.043480
-0.097318
0.023627
-0.082428
0.098285
-0.115561
0.028029
0.029977
-0.027172
0.020696
0.128161
-0.084359
0.027623
-0.016642
0.429976
-0.075982
0.025051
-0.221805
-0.014656
-0.112818
0.198134
-0.101722
0.232790
-0.092181
0.119420
-0.001737
-0.153882
-0.026025
-0.057091
0.015605
0.063009
0.005477