-0.981829
-1.264550
-0.225404
0.921988
0.078057
-0.031084
0.311613
0.070294
0.324638
1.107870
-0.418301
1.590097
0.020229
1.547298
0.747341
0.603670
0.491422
-0.017173
-0.241289
-0.579979
0.039068
0.513643
-0.073818
0.429994
-0.228502
-0.014129
0.153199
-0.144190
-0.040316
0.006787
0.250157
-0.174488
0.330433
0.078486
-0.106191
-0.519785
0.086071
-0.175580
-0.249912
-0.102237
-1.014160
-0.135184
-0.199725
0.202903
-0.036158
0.017698
1.082412
-0.389263
0.001713
0.001246
0.000068
-0.001659
-0.000848
0.002461
-0.005127
0.005962
-1.004433
-0.284701
0.507475
0.660015
-0.133355
0.016994
1.397052
-0.604390