-0.139855
0.777181
0.947410
-0.399580
-0.035451
-0.110971
0.223464
0.339249
0.541979
0.348519
0.138524
1.332155
-0.003622
1.141495
-0.112992
0.257347
0.722327
-0.052942
0.338664
0.800187
-0.236230
1.299653
1.015010
-0.540938
-0.591951
-0.351298
0.065603
-0.705915
-0.055987
-0.841613
-0.116689
0.127881
0.106494
0.105514
-0.216798
0.028550
0.002284
0.015750
0.042054
-0.044847
-0.745007
1.889454
1.841808
0.566015
0.057519
-0.381574
0.861106
-0.050418
-0.772082
0.031308
-1.305038
-0.537878
0.021087
-0.172111
0.079933
0.048160
-0.775908
0.806344
0.300581
-0.069384
-0.044931
-0.639176
-0.054752
-0.063061