-0.320143
-0.380109
-0.241513
-0.354418
0.203943
-0.065556
-0.210148
-0.120941
0.137932
-0.477757
-0.195917
0.087802
-0.028754
-0.161861
-0.174051
-0.174976
-0.190205
-0.182974
-0.144326
-0.034309
-0.084286
-0.225838
-0.120753
-0.046805
-0.107456
-0.081564
0.031721
-0.044514
-0.091529
-0.125458
-0.070809
-0.106832
-0.070851
0.007569
0.006623
-0.059945
-0.513773
-0.382384
-0.190947
-0.366372
-0.393431
-0.239827
-0.360639
-0.435334
-0.443981
-0.388794
0.003325
-0.331167
0.010210
-0.009550
-0.025489
-0.022726
0.001484
0.009107
-0.004145
0.017296
-0.015926
-0.001926
-0.016682
-0.003462
-0.210195
-0.113418
0.212679
0.347119
-0.121852
-0.442328
0.046470
-0.361845
-0.236138
0.050184
0.407040
-0.261394
0.139328
-0.289158
0.049758
0.081287
-0.064564
0.014036
-0.033832
0.189808
-0.339458
0.056703
0.092392
-0.228467
-0.370162
0.310436
0.302298
-0.017786
-0.422498
-0.253228
0.319525
-0.412885
-0.218263
0.300127
0.141141
-0.307985