-0.055588
0.131249
-0.085926
-0.055110
-0.117978
0.103870
0.168283
0.312863
-0.065611
0.043636
-0.126618
0.078508
-0.274461
0.244573
0.240523
0.268867
-0.387238
-0.185480
0.279687
-0.316811
-0.304550
0.270376
0.270908
-0.146090
0.063352
-0.477065
-0.541814
-0.445556
0.265008
0.030888
-0.521973
0.326991
0.274990
-0.449784
-0.479506
0.068092
0.042975
-0.122043
-0.128817
0.109388
0.226824
-0.050693
-0.098117
-0.111105
0.449798
0.025545
0.148351
-0.086212
-0.314660
0.140173
0.222720
0.063860
-0.004421
-0.453343
0.159729
-0.203858
-0.066680
0.199576
0.157361
-0.388455
0.367880
-0.442998
-0.415368
-0.268162
-0.158165
0.407277
-0.468575
0.027196
-0.246645
-0.171168
-0.340791
0.252978
0.021470
0.149752
-0.070539
0.007444
0.039395
-0.107810
-0.220061
-0.068623
-0.213721
0.201289
-0.040771
0.318831
0.131230
0.139618
0.079339
0.079879
0.057985
0.052642
0.159480
0.079878
-0.079397
0.106379
0.031729
0.043792