-0.035860
-0.175385
-0.033989
0.376288
-0.001591
0.153803
0.424080
0.323881
-0.240061
-0.199165
0.326839
0.257319
-0.020838
0.515861
-0.480342
0.395372
0.058666
0.325330
0.262102
-0.029688
0.308622
0.527471
0.241389
0.746633
-0.047771
0.041031
0.052698
0.046276
0.037739
-0.126731
0.567493
-0.061076
-0.001134
0.094082
0.036451
-0.091226
-0.039225
-0.055107
0.027991
-0.079926
0.028895
0.020164
-0.253699
-0.319103
0.495600
-0.168632
-0.490395
-0.003122
-0.013968
-0.154500
-0.023712
0.470058
0.101316
0.236763
-0.446141
0.074761
-0.103389
-0.090698
-0.021498
0.009589
0.191891
-0.292291
-0.063481
-0.035848